50 3

0.036733791095718074 0.43887722870587226 0.5243889801984096

9 10 7 5 5 6 10 8 9 1 1 3 1 10 6 3 4 9 8 6 7 9 1 1 6 6 6 2 9 1 5 6 8 10 3 8 7 7 1 7 6 4 5 9 8 5 1 4 4 8
8 7 5 2 8 8 8 8 7 10 2 1 9 2 5 8 2 9 1 6 2 10 9 3 9 10 8 4 3 7 4 9 5 2 6 8 10 1 2 4 4 1 5 5 10 3 4 3 4 2
8 10 1 6 5 3 8 6 3 10 10 6 1 10 1 10 10 8 4 10 10 8 9 6 1 5 8 5 6 2 5 6 8 9 5 7 6 7 4 3 9 6 1 6 5 8 8 5 9 8

7 6 5 9 7 10 2 5 7 3 10 6 4 2 7 6 4 1 1 1 8 2 2 8 8 5 5 9 7 8 1 9 5 10 8 5 4 5 10 5 2 2 10 8 3 4 8 9 8 1
2.1 1.7999999999999998 1.5 2.6999999999999997 2.1 3.0 0.6 1.5 2.1 0.8999999999999999 3.0 1.7999999999999998 1.2 0.6 2.1 1.7999999999999998 1.2 0.3 0.3 0.3 2.4 0.6 0.6 2.4 2.4 1.5 1.5 2.6999999999999997 2.1 2.4 0.3 2.6999999999999997 1.5 3.0 2.4 1.5 1.2 1.5 3.0 1.5 0.6 0.6 3.0 2.4 0.8999999999999999 1.2 2.4 2.6999999999999997 2.4 0.3
