50 3

0.036733791095718074 0.43887722870587226 0.5243889801984096

9 10 7 5 5 6 10 8 9 1 1 3 1 10 6 3 4 9 8 6 7 9 1 1 6 6 6 2 9 1 5 6 8 10 3 8 7 7 1 7 6 4 5 9 8 5 1 4 4 8
8 7 5 2 8 8 8 8 7 10 2 1 9 2 5 8 2 9 1 6 2 10 9 3 9 10 8 4 3 7 4 9 5 2 6 8 10 1 2 4 4 1 5 5 10 3 4 3 4 2
8 10 1 6 5 3 8 6 3 10 10 6 1 10 1 10 10 8 4 10 10 8 9 6 1 5 8 5 6 2 5 6 8 9 5 7 6 7 4 3 9 6 1 6 5 8 8 5 9 8

7 6 5 9 7 10 2 5 7 3 10 6 4 2 7 6 4 1 1 1 8 2 2 8 8 5 5 9 7 8 1 9 5 10 8 5 4 5 10 5 2 2 10 8 3 4 8 9 8 1
2.4509471578585917 0.8009690716852035 0.6212317608614184 3.956011078091511 1.6850529478896763 3.465477686954544 0.03221345724633551 2.4942757139985714 0.4318919334540531 0.6361092478292414 4.971192986286476 0.024395846007233213 0.6991278816930633 0.5644562257883461 1.3062624382009271 0.44748600009590367 1.544376345360123 0.27399597330653286 0.40856778083537054 0.4468933551322794 2.7328554068752466 0.7789011668030276 0.7877598942390933 2.974559995484966 2.7502787184549624 0.7019439170050557 0.7753399240962083 2.5473199838964056 1.4895866603647858 3.6035162174366584 0.4237747120707565 1.3913647614541684 1.5319778996735294 0.8466575691981004 2.067825090968138 0.15036715123688982 1.5254986913335338 2.176925415900774 4.753480067214014 1.1199317826293589 0.2531168182867809 0.7502019371104337 4.286874153394777 1.3392548507862743 1.2668637572781585 1.0907606283397249 2.952504467227876 2.645423602910682 1.4772866113986578 0.357370735309944
