150 3

0.4370003157619703 0.5156097011740222 0.047389983064007525

3 3 1 10 1 5 6 9 7 8 9 8 1 10 7 1 3 8 7 6 5 5 5 4 9 3 1 8 4 3 5 2 9 8 8 4 9 1 1 2 7 7 9 10 9 3 2 3 10 1 8 2 4 4 9 7 9 1 1 10 10 10 8 5 5 5 10 5 10 6 2 3 10 5 7 4 7 6 4 9 10 7 10 9 2 4 10 2 10 6 1 5 4 3 10 8 10 2 4 3 9 3 3 5 2 10 9 10 4 6 1 7 1 2 10 10 6 1 2 9 5 6 6 2 2 10 10 1 9 10 3 9 7 10 4 7 3 2 1 3 6 1 1 3 5 7 5 8 8 6
2 4 5 9 9 3 8 4 10 2 2 1 10 8 6 1 4 1 10 9 8 6 8 3 4 10 5 9 6 5 10 7 6 2 10 7 9 5 4 2 5 10 7 2 6 8 5 3 3 1 9 9 6 9 9 7 7 2 10 6 2 3 5 2 6 8 6 6 7 9 7 1 8 7 4 7 9 4 7 7 7 3 10 6 8 1 10 3 2 1 5 8 6 9 8 10 10 8 5 6 4 3 6 8 5 10 1 4 4 3 2 4 2 2 7 10 4 1 7 10 7 10 8 7 3 4 10 3 2 2 7 1 9 8 6 2 2 9 9 7 8 1 3 5 2 7 8 1 8 1
3 2 6 2 6 5 3 9 6 8 8 4 3 7 8 8 9 2 1 6 10 6 3 7 1 10 4 10 6 2 5 9 5 9 9 3 2 1 1 2 6 4 1 1 3 5 8 10 4 2 10 4 3 2 2 9 8 9 4 7 8 5 5 2 3 4 3 1 4 4 6 1 8 4 9 4 4 3 6 1 2 9 8 2 8 1 5 1 9 9 10 9 4 1 5 1 2 3 2 4 4 2 9 3 7 5 4 3 4 4 6 6 1 3 1 4 7 2 10 9 9 7 4 9 4 1 7 2 6 6 2 5 2 6 9 3 8 2 3 3 3 1 7 8 2 1 7 2 9 3

6 7 6 2 9 3 8 9 10 2 2 6 7 7 6 3 2 7 2 4 7 6 8 4 3 5 8 5 4 5 6 10 6 9 5 10 5 5 8 8 9 2 8 2 7 8 5 9 9 9 10 6 6 10 9 4 10 7 1 6 3 3 2 6 2 10 1 10 5 7 1 7 10 4 4 2 3 10 4 7 1 3 2 9 9 10 2 4 3 10 4 8 8 7 7 9 4 1 9 3 4 2 2 10 8 10 4 4 1 6 9 9 3 5 3 8 2 6 5 2 1 9 6 10 1 1 8 8 8 5 7 6 6 5 4 9 6 7 1 5 10 1 2 8 10 7 7 4 3 1
1.4744539275360395 3.497765314744608 0.7075855962923088 0.0605149955495522 1.2756156025495857 0.28949990127163827 1.341712792557895 1.418781405926372 4.036169233069125 0.8402324142046127 0.4038296373489332 1.2554376790875659 1.843905621810259 3.452542013678718 2.568063346214079 0.5128144796713863 0.72171856312591 3.3468776411719223 0.8778675968524108 1.7016628683072819 3.4412400716406504 0.22351348081327704 0.0018166158122263631 1.4563567208477415 0.1465083622105935 0.19142232904506035 3.05812275285424 0.5172352164532379 0.5719532029753565 2.3999260110354124 1.534496289827744 3.187186763789258 2.5435537199898715 3.757495295046296 1.080186286995815 4.309794206836021 1.5501414561530091 1.6721140731453161 3.518953077974486 0.980485069556174 1.3454131093084913 0.685998508661522 2.453232518586449 0.820055369570269 2.1037233428958872 2.3481475349771426 0.17862769522829336 2.4660800780173537 1.9735832791924701 3.0538271204643084 0.008359980291483549 0.7848167603660665 2.3208210728331196 2.347227218587808 3.4528381385579343 0.927841914178912 2.898912154414217 0.9796026974677139 0.2190985994876099 2.3696078524181097 0.5834461806497244 1.4068395318449123 0.33446499726763224 1.8024370235752771 0.22942973126406851 3.4441380758752524 0.018501189552479702 4.400437561084045 0.930672454493976 0.1199948359114752 0.002465703246522344 1.1355515405950758 0.9719522847491441 0.6657405940487391 1.6939687474383427 0.2852300302554418 0.9590532958483344 3.2270615481900435 1.9649943975883972 0.011284402755930623 0.10573286580259983 0.7315532001830578 0.8973590733252105 1.810138175228152 0.7807880625280399 4.32906984051097 0.45124815479138625 1.1186534356992788 0.953871379639474 1.0609330110253872 1.4494171202004043 3.4110914914729853 2.0879866460016867 2.152780097951506 2.478356023902294 3.172081135408488 1.9475885330117322 0.019839284608607843 3.2813588295979246 1.1730958829665714 1.246025500891156 0.07602769441341217 0.8920940635960826 2.461762715251239 1.1730908960992616 0.5857754423990641 1.9151370851050535 1.2605672151770617 0.061353895352743604 2.3104230865354376 0.1487890163423372 0.2585868021525441 1.2000873159774024 1.8339175432393604 0.24106871797055546 1.5193356702411647 0.592757894101432 1.0100567463296937 0.980978661888125 0.6844715802619937 0.05605668461123808 1.9296825777003295 0.669710328573027 2.663821010756652 0.1542625570175984 0.16595186049215593 1.2737683650827734 2.287205678770983 0.07521412164308039 0.3119476229376106 1.0952253578253064 0.966364357777199 1.4939482586087132 1.5367419752916198 0.1787638807119698 4.1736915062883995 2.278913072722078 3.394082911813672 0.17378963818390225 2.2778869998225386 1.1078047538989388 0.0676001050534567 0.46601098464742174 1.0925670322960013 0.5387888903848642 2.9319565750222667 2.1945754543994975 1.168560504117073 0.4396034484346424 0.09632898695526115
