70 3

0.15069604993542102 0.43061180873361815 0.4186921413309607

8 5 9 3 8 5 6 8 2 8 5 10 4 8 9 1 6 2 7 5 1 9 7 10 7 2 6 9 1 3 5 4 9 9 3 9 3 4 7 10 8 2 7 6 8 6 3 9 3 3 9 8 10 5 9 9 8 2 9 8 8 9 3 7 3 10 8 1 9 10
4 4 1 2 10 6 5 9 7 3 4 2 4 3 8 10 1 9 5 2 9 3 7 9 7 9 2 10 1 4 4 7 3 8 10 3 10 9 7 5 6 8 10 9 5 1 9 3 1 6 1 2 4 4 5 8 1 5 10 9 5 2 5 6 3 10 6 3 7 9
9 4 8 2 2 9 5 3 10 10 2 4 10 9 10 2 2 3 3 7 2 7 6 1 4 6 10 6 6 4 1 10 1 6 9 2 7 9 5 8 3 7 4 8 3 2 5 4 2 2 7 4 10 6 7 10 8 10 8 2 5 3 8 5 5 9 2 2 10 3

7 7 7 3 1 5 7 4 9 1 3 1 10 10 1 10 9 4 10 3 7 2 6 7 10 1 3 10 9 7 5 1 8 8 1 2 9 3 3 7 4 1 7 8 9 8 8 6 4 2 6 4 5 6 8 6 1 9 6 3 1 3 1 4 5 2 6 5 7 7
1.3487541432633252 2.613856812245442 1.7453251518606767 1.3565496877899168 0.2548214528940595 1.9501832009404754 2.7682432416909846 1.4123012156266357 1.9506837960017394 0.26458052142137123 0.03268330218260962 0.2049857903407647 2.4519433439476526 4.731255293469206 0.32397758286767564 4.554928075016564 4.424521756918277 1.2565513929068786 4.598642675541544 0.24049580391182956 1.7698292862897569 0.5893212496648512 2.9877111059849346 1.8985493432164486 0.8939030527129116 0.020821544153505733 0.055112762118082415 4.200562458879959 0.9544112298761485 2.5567485017855986 0.5594700285508436 0.117653936480348 3.140499230324209 1.9759107345066842 0.1914155995700701 0.685395183406334 1.637120390273052 0.9393154044261182 0.967644526013135 0.6553382544253612 0.4307298830766677 0.1554303646862224 1.301287125723856 3.583070587998587 0.2977066852321767 3.445913870350003 1.5538446599215567 2.396785747880021 1.1172537043331623 0.7563038178885818 1.2840027418580133 1.335175157150321 1.017276946207035 1.4619868868503096 2.2609893843396986 0.8902269651212614 0.4624532566763373 0.25603581456019 1.0222770363720666 0.9503249470802622 0.4531711363495336 0.8247711644847087 0.1089815919246474 0.49601366241759526 1.6832033185456483 0.5851967284666533 2.985741420038278 1.8593070384554276 1.6718176792282635 2.129962428509853
