70 3

0.15069604993542102 0.43061180873361815 0.4186921413309607

8 5 9 3 8 5 6 8 2 8 5 10 4 8 9 1 6 2 7 5 1 9 7 10 7 2 6 9 1 3 5 4 9 9 3 9 3 4 7 10 8 2 7 6 8 6 3 9 3 3 9 8 10 5 9 9 8 2 9 8 8 9 3 7 3 10 8 1 9 10
4 4 1 2 10 6 5 9 7 3 4 2 4 3 8 10 1 9 5 2 9 3 7 9 7 9 2 10 1 4 4 7 3 8 10 3 10 9 7 5 6 8 10 9 5 1 9 3 1 6 1 2 4 4 5 8 1 5 10 9 5 2 5 6 3 10 6 3 7 9
9 4 8 2 2 9 5 3 10 10 2 4 10 9 10 2 2 3 3 7 2 7 6 1 4 6 10 6 6 4 1 10 1 6 9 2 7 9 5 8 3 7 4 8 3 2 5 4 2 2 7 4 10 6 7 10 8 10 8 2 5 3 8 5 5 9 2 2 10 3

7 7 7 3 1 5 7 4 9 1 3 1 10 10 1 10 9 4 10 3 7 2 6 7 10 1 3 10 9 7 5 1 8 8 1 2 9 3 3 7 4 1 7 8 9 8 8 6 4 2 6 4 5 6 8 6 1 9 6 3 1 3 1 4 5 2 6 5 7 7
2.1 2.1 2.1 0.8999999999999999 0.3 1.5 2.1 1.2 2.6999999999999997 0.3 0.8999999999999999 0.3 3.0 3.0 0.3 3.0 2.6999999999999997 1.2 3.0 0.8999999999999999 2.1 0.6 1.7999999999999998 2.1 3.0 0.3 0.8999999999999999 3.0 2.6999999999999997 2.1 1.5 0.3 2.4 2.4 0.3 0.6 2.6999999999999997 0.8999999999999999 0.8999999999999999 2.1 1.2 0.3 2.1 2.4 2.6999999999999997 2.4 2.4 1.7999999999999998 1.2 0.6 1.7999999999999998 1.2 1.5 1.7999999999999998 2.4 1.7999999999999998 0.3 2.6999999999999997 1.7999999999999998 0.8999999999999999 0.3 0.8999999999999999 0.3 1.2 1.5 0.6 1.7999999999999998 1.5 2.1 2.1
