200 3

0.2571278741001255 0.3035344131769421 0.43933771272293237

9 6 1 5 6 3 2 3 10 10 10 9 6 5 5 4 10 1 10 5 1 5 10 8 1 6 5 3 5 5 3 2 10 7 8 8 10 1 8 1 4 10 5 9 9 2 2 9 3 4 2 8 10 1 9 7 3 9 10 1 1 10 2 4 9 1 3 1 6 10 1 4 7 9 7 3 8 2 5 4 2 1 3 8 10 5 4 4 7 9 10 6 8 10 8 2 9 6 5 5 7 8 5 2 9 3 3 1 3 7 5 6 3 9 5 1 1 3 1 5 1 5 10 3 10 7 4 5 3 6 1 2 1 4 2 10 3 10 2 5 1 2 9 8 7 1 10 5 7 9 6 3 3 5 7 3 9 6 2 9 3 6 10 7 3 1 7 7 2 6 7 1 8 7 7 1 7 4 1 8 8 10 7 10 10 2 10 6 1 10 3 3 4 1 5 2 5 4 5 5
6 1 8 6 2 2 10 4 7 8 2 3 7 4 8 1 3 5 9 5 8 6 1 4 7 10 1 4 1 9 2 5 6 1 9 6 6 6 8 3 9 4 1 4 7 9 4 9 10 8 2 6 2 10 7 8 2 3 1 2 2 6 10 10 5 3 3 3 2 7 10 5 6 3 9 9 4 7 1 2 7 8 2 2 5 10 7 5 5 7 7 6 1 3 9 5 9 2 8 10 5 1 8 3 7 5 7 2 1 6 6 9 5 8 10 7 1 10 4 4 7 1 6 4 10 9 10 1 4 6 7 7 3 1 1 3 5 3 4 3 10 5 5 3 5 4 3 10 4 9 4 9 1 1 10 7 1 3 1 10 3 4 10 4 2 7 1 2 6 2 9 7 3 9 9 5 10 5 10 4 8 2 1 9 1 10 7 5 1 4 3 9 1 8 6 3 1 9 2 10
8 10 9 4 7 1 2 2 8 8 9 1 5 6 3 1 10 9 4 8 10 2 2 4 6 7 1 2 3 2 2 2 6 6 9 8 10 7 1 7 5 8 10 1 10 7 2 5 10 5 7 2 6 9 9 3 6 4 10 5 10 8 9 8 5 1 9 5 3 3 7 10 6 3 2 5 9 4 6 10 10 2 4 1 2 7 8 8 8 9 8 10 10 5 3 10 7 8 10 9 5 7 2 2 6 10 2 5 3 6 5 3 9 6 6 9 9 7 7 7 1 7 8 4 6 4 6 5 4 1 8 2 6 10 5 3 3 8 1 7 6 5 5 1 7 8 2 5 9 1 6 3 9 1 9 1 10 5 6 9 6 6 2 1 6 1 5 1 9 9 3 1 4 7 2 7 4 7 1 3 10 3 5 6 5 10 10 7 3 2 3 3 7 7 10 2 9 7 4 2

9 8 3 1 6 10 6 2 5 6 6 4 2 2 2 1 4 7 8 2 3 5 5 5 5 3 1 3 6 8 8 7 2 9 9 9 10 10 5 5 5 6 2 1 10 4 1 5 10 8 4 8 4 2 3 5 1 2 9 9 9 4 10 6 3 7 1 7 9 10 2 8 2 3 4 1 9 7 4 9 4 1 9 8 1 6 3 2 10 4 9 7 4 1 5 9 4 1 6 8 3 6 7 8 1 6 8 2 7 3 1 2 8 1 2 8 7 2 10 8 4 4 3 5 7 2 5 4 3 6 2 8 10 1 9 8 8 10 9 10 9 7 4 6 6 9 4 8 8 4 2 2 9 5 6 8 10 7 8 9 5 1 3 7 3 1 2 4 6 7 5 3 3 5 2 2 6 2 1 10 10 4 6 10 1 8 7 4 3 2 10 3 9 4 4 3 7 2 9 1
0.12661514958908826 1.8312957106087717 0.054146314886542146 0.2343768397048111 0.20684364571368707 0.7963568539086052 1.72367828580484 0.10690632327025062 0.25739509935771704 2.5005462594959758 1.923491922207605 0.6330205794378183 0.055280274385484884 0.41061053371552847 0.9279426752914525 0.2504724516009743 0.5635233730817271 1.470092618302076 1.4849044229414012 0.40756162227648174 1.4552536650988275 2.095634474972538 0.5210694394647802 0.36098900228931 2.1612019207079567 0.020098609925720934 0.10548823726045509 0.948603641536806 1.989432717146765 2.84102523355108 3.9508589383185786 2.973934676531832 0.0993879769749465 3.7265939863349953 0.7916958709389307 2.8065361827933772 0.750751338478679 4.418695013613477 1.3532659101851934 1.643994888046396 0.09978880459252049 2.768293296221472 0.49336828395465837 0.47003386944487385 3.5336264842519958 0.2525094999375119 0.14486243382735242 1.6976517004888296 0.8992835617132422 0.047006004005401 0.5002107332410217 1.7061938751956496 1.7642783094999703 0.7941493379846752 0.9456212214907764 0.28855005027051017 0.10730245644361275 0.16753726274221004 1.8779217917761504 1.4279792610368767 4.082163153570986 0.9936467126347504 0.9774240794976863 0.4447603772617609 0.7891296736053446 0.5835615781431617 0.20624892460239624 3.1429147685748764 0.9810765409244614 3.129005491543171 0.8204573234677918 2.561355351709328 0.23904367676523242 0.7264483873535462 1.2175513490591199 0.39653562159751937 0.31266394119543345 3.0712948513367095 1.5183203601502375 3.7760221558570963 1.892648559733793 0.09482960687884012 2.0325817854879284 0.7833105597635237 0.22963805178442126 0.44609047893331577 1.3949087011808219 0.5240573174548803 2.2541659707752792 0.4972350705756081 0.4211769484511698 2.1212244439410495 1.6738470637359595 0.21666359421714204 0.5708336417655122 1.3020870172171948 0.2436068784637342 0.49250906314604287 2.1177840683251663 3.5718088615887296 0.4791059341406689 1.799921380781777 0.6698161496183296 3.613264629422621 0.35652098269969884 2.1181068950537507 3.5173187186210773 0.7489350509179078 1.3523568880821664 0.26775091982580734 0.27433653874596553 0.9359199135024721 2.9632277559787443 0.3725037424312651 0.7719465086415632 3.404909705844272 0.9718572661558385 0.5350087045474665 2.2270994981799763 0.38344688386569725 1.5379450417911447 0.8514278837368388 1.3739533689194874 0.7432563544793405 1.979227291182591 0.06393012202483561 0.9312724890842272 1.9371451397530255 0.2987063537473743 2.106037004668331 0.8425938238074315 0.5230873862905221 3.121698506906373 0.13808936340667632 0.3999899678410635 0.3862814464296003 1.6533377888254859 2.3836568465262165 4.210038713716864 0.12032170276063292 4.369360074224507 3.192926646626305 0.1426286397827894 1.7806984068936396 1.100982322887038 3.8417942348074607 0.3468823489951629 1.7372443255423962 2.788968943842767 0.9185572944819913 0.27669103112576665 0.7337289376487959 4.409207187563237 2.0676033801934333 2.012298215288213 3.1953680418301014 2.342275878457465 2.4522784448834614 1.008372730530477 0.93381986164085 2.305634402615309 0.08048239906299204 0.2674003990435361 2.0534512185317597 1.2147219493481305 0.08879722940587215 0.8776877220510955 1.9709431389730327 1.9353261142573153 1.6277954828518193 2.380668035688287 0.4088725592872727 0.9805790199605025 1.7278356814447504 0.2776751175461344 0.9814098645212826 2.250482890808059 0.7180481506953583 0.326726208063291 2.7480175188457725 1.8524975395896308 0.4472661163113758 2.053255668877864 4.781863378399429 0.024610550831119904 2.976227813119546 0.6480273458181462 0.694622642004153 1.1329086986925565 0.9087168743825035 1.454576196073238 0.5321754934267809 4.092400361960192 0.7919121055176097 1.262567703880167 0.7069924134319359 2.4274952262227263 0.9285081654198195 1.6954481102384684 0.00709811804867555
