170 3

0.04433345084095849 0.28255964346184903 0.6731069056971924

2 10 9 5 2 10 6 4 9 2 10 2 6 9 6 6 6 4 6 3 6 1 10 7 8 8 5 8 6 5 6 4 7 9 1 2 2 5 6 9 3 3 3 7 1 8 9 6 8 6 4 5 3 6 9 6 10 6 1 9 10 8 7 5 9 8 10 2 10 7 4 6 5 10 2 6 1 10 3 8 4 3 7 9 5 9 3 7 4 1 6 2 2 2 1 6 3 3 3 10 7 6 7 5 8 9 7 2 9 3 6 3 3 9 5 6 8 7 4 10 4 10 7 4 4 10 6 2 8 2 6 9 1 1 2 4 7 9 10 7 9 10 8 7 5 8 10 2 7 2 2 4 3 10 10 10 9 10 9 1 7 7 1 2 2 6 8 1 9 7
1 10 9 5 6 5 7 7 7 8 1 10 10 8 10 1 4 3 10 10 4 10 1 8 7 7 6 2 10 5 5 9 6 3 9 2 8 2 6 5 7 1 5 6 10 8 2 3 8 8 8 7 7 7 8 10 8 2 2 9 9 9 9 6 10 3 7 2 8 4 9 4 9 10 3 10 6 10 8 1 9 1 8 5 7 6 3 4 4 6 10 5 2 2 10 9 1 5 1 7 7 9 1 9 5 7 3 1 6 2 7 8 3 1 10 9 10 9 7 10 1 9 5 3 7 9 9 6 9 10 9 4 7 3 6 3 8 10 6 10 9 6 7 9 2 4 3 7 10 2 9 6 4 2 1 4 10 2 5 9 3 7 8 2 10 6 5 8 3 6
7 5 5 7 7 8 5 3 3 5 3 7 6 10 8 9 8 8 5 5 5 5 2 1 10 5 3 6 3 10 8 6 1 10 4 4 1 7 6 10 2 6 6 10 6 4 10 7 5 5 8 10 3 5 4 7 3 3 4 9 7 8 8 2 3 9 9 5 7 3 9 10 6 6 9 3 2 4 4 2 5 4 2 8 8 1 2 6 4 6 1 3 10 9 6 2 5 7 2 5 5 3 8 1 3 6 10 10 3 7 1 5 4 1 3 10 7 8 7 7 9 5 7 8 3 9 10 7 6 3 6 9 2 5 3 2 10 1 10 3 6 9 8 1 1 5 3 6 5 1 2 4 9 9 4 10 4 3 9 6 2 9 1 5 1 3 4 7 9 7

1 2 4 1 1 5 2 8 3 9 7 6 10 6 1 2 10 5 2 3 4 2 9 7 9 6 5 8 7 7 10 2 9 9 4 8 7 7 10 6 3 7 1 1 9 7 9 6 5 6 10 10 3 1 2 1 8 4 3 7 4 1 1 4 9 5 5 4 1 3 5 6 4 4 10 1 1 10 1 6 8 9 6 5 1 8 7 10 8 9 4 1 5 2 8 2 3 6 5 8 2 9 6 8 4 4 1 7 3 1 4 8 5 7 10 10 1 3 6 1 8 7 9 6 4 3 10 9 5 5 10 7 8 9 6 7 1 9 3 3 8 1 8 4 6 2 9 1 1 3 1 10 6 6 8 10 7 8 3 5 6 3 4 1 5 4 1 4 8 8
0.1347879664750919 0.8356450903476339 0.18071528661321778 0.021803614583767894 0.02563080697037934 0.15896528222140077 0.09571822934045282 3.310156437653942 1.3334755020425053 0.5957192758871486 2.811269844811113 0.28454886559490844 4.42068129308989 1.3094846064447618 0.42856159006849276 0.48543518730937607 2.4081158851349205 0.49211559135313443 0.5870364567752109 1.4007442253488964 1.447033378924099 0.8987055963649945 4.124026923328379 1.2239798650699258 3.2950963088338394 1.2608833983811878 0.07848304019737046 0.08712559925979058 0.05935086252952121 3.331544817264579 3.37419026430318 0.6519575712820418 2.102680571921469 3.1876593623088065 0.5622550461870925 0.13250949765337605 2.0132498366620313 3.49392820680786 2.097803356886974 1.939759654003951 0.7642933105270768 1.4949040168839876 0.08871147833605181 0.4370410476229452 0.6983484246793767 3.10215974273066 0.8105447049095587 0.2839540514682223 0.31785985850241283 1.5181436081797866 4.598588496867713 3.33935929533443 0.10284992649362001 0.46775853475577983 0.9430451132719717 0.34641727190428484 1.0084610005333348 0.3105673942257059 0.3550601425460031 1.6663451943552852 1.2338734071823823 0.2612330957708246 0.41933103190991805 1.684162361328889 4.025837804979721 2.2594705484209965 0.7617997927843176 1.551560745952655 0.2020819845166114 0.8408635329675738 0.4078758148770886 1.201279032448835 0.8574604141813889 1.8315095843043616 4.508781813943542 0.48079938650441856 0.4134025216309472 2.2747824325828874 0.1745655481169735 0.9436381461813697 2.7006354815072626 3.564692377899288 1.6063718656231964 0.9822146643913063 0.1466718148686874 1.4593134467035722 0.8683162365157074 1.372811824128658 3.8287198751783222 1.4151673829288138 1.066595348809126 0.37744033290003504 2.432569455652587 0.8553801835590249 1.351643197956414 0.7866342588569322 0.8326976829148142 2.513218974677506 0.8331968257514616 3.0151478631217734 0.1250908131718229 1.2200704822614126 2.1563847211079397 1.2314612521214028 0.47101601462615705 0.5793532695904131 0.2317008846015336 1.4530732718327497 0.4637047712085786 0.2063967452597536 0.021720766470816333 1.352238389509707 1.9508579152088426 3.4416332591305707 4.7410275794845855 2.525897670315744 0.013735193555152347 0.5246400310312691 1.5500671368467143 0.30642844780641204 2.770738997063072 2.4494917174476276 0.5879124811289419 2.5327833061912126 1.200315444862188 0.6751415440818669 1.310554231908867 3.5675042116757076 1.2598319606061477 1.8720042211858203 0.7380473234645996 1.8643429219485266 1.2943604993498008 4.320938805499421 2.3355114624514353 1.024505729145736 0.1794142448811386 4.331961804834266 0.820970658236398 0.5362984461352043 0.8533660424103262 0.3580836378950524 2.959565634104469 0.29277974765811154 2.4116190830058315 0.8329010738893492 3.5411490002500625 0.4504331651533803 0.44104748768654894 1.2280200023526193 0.40905922556495894 0.2515880411733312 2.864873010061204 0.7333851451968796 2.394428686943623 0.590592548692902 1.2369756806091283 1.4152371226935259 0.5540805594572811 2.4545322128573495 1.4099600472610803 0.7735173444125261 0.924749360292316 0.20337965776862765 2.1554819809276924 0.9828501943438797 0.4077167389265332 0.07110821301873793 0.009096733550616243 2.8030402311789464
