120 3

0.3234889165557368 0.6464057786715416 0.030105304772721594

6 6 9 6 7 5 6 4 1 3 7 5 7 5 10 6 1 1 5 10 6 3 10 10 9 9 9 7 5 4 5 10 5 7 10 3 3 6 7 5 1 1 10 9 8 2 10 2 4 5 8 2 10 6 1 6 8 10 9 9 3 9 2 9 1 8 4 10 3 4 10 3 7 2 6 5 10 5 9 9 8 5 5 2 1 3 8 8 1 1 2 6 10 10 7 10 3 9 10 8 1 6 3 6 2 2 5 5 9 2 8 10 2 9 6 6 1 10 10 3
2 2 4 9 2 4 10 9 5 4 10 1 9 9 1 9 4 3 1 4 6 3 1 2 10 5 1 3 10 6 1 8 10 10 9 10 5 2 6 9 9 3 2 5 5 8 1 1 1 4 1 10 5 1 6 8 9 1 5 8 3 9 8 9 3 9 9 3 3 1 8 3 6 5 7 8 9 1 5 6 6 1 10 7 5 4 6 3 2 6 6 7 5 3 6 6 10 9 3 1 3 10 9 4 6 4 4 3 5 3 8 3 3 10 2 6 10 5 2 5
10 8 5 10 4 2 7 8 4 2 3 2 5 8 1 10 3 10 5 3 5 4 10 1 4 1 1 9 5 10 2 10 4 1 7 4 7 5 6 2 4 2 9 6 6 6 10 4 6 1 10 7 6 2 8 1 10 8 6 6 6 4 7 1 5 3 1 2 5 2 3 1 5 6 10 9 9 8 9 1 5 9 10 3 8 1 9 7 1 8 3 8 2 6 2 1 8 4 6 4 10 1 6 2 4 4 7 7 6 5 3 7 5 6 5 8 6 4 1 5

2 3 10 1 2 8 1 1 8 1 7 8 3 1 1 5 8 2 2 4 4 4 4 5 4 9 4 5 8 3 4 10 5 3 2 9 10 9 10 10 6 8 9 4 4 3 2 1 8 10 1 2 10 10 6 10 7 8 9 4 1 1 1 10 10 6 8 9 2 4 8 6 7 7 5 4 2 7 9 9 9 2 2 10 2 4 3 9 8 3 4 3 3 8 7 1 6 8 10 7 4 6 2 6 10 10 2 6 1 3 7 7 9 2 2 5 2 8 9 2
0.5919536312813984 1.2107505857310938 3.4434940114666364 0.3279849073222034 0.37257808733164866 2.803296798643085 0.22267545686333778 0.3580968258947409 3.8422122424835257 0.24020935165892704 1.1581871912107449 1.0344731715973885 1.266427264386258 0.056864263296043605 0.004944553625360504 1.2184341799714469 1.402464203963885 0.7570682598171636 0.962210405717707 0.06328656361915153 0.5659053408966117 0.10311904069430944 0.46265655942012573 0.9108332786441292 1.7246498387592106 3.3196187850590224 0.8392557375627359 0.5874294605157435 2.363187886866578 0.4948683803683626 1.2817188137090965 2.9671513861246335 0.39404409101639504 1.0432299912703993 0.40595331343898255 4.384015675175227 3.9536507404543713 2.320802297489876 4.832083058024011 1.6778647898911103 1.5592086777298795 3.090744160333314 2.1087576349271933 1.8060476915126993 1.3222716899905644 0.9008817336546666 0.3825791323764369 0.3272207883082826 1.8505633716776395 0.3457493355045843 0.030317803819292333 0.7012238454879158 1.252935146495198 3.6213636747877356 2.861680196153626 4.850512125880291 2.145310687421594 0.007975850772806492 4.359915402131541 0.5410203971920753 0.060082055371376175 0.4763504145638808 0.3408859683666859 0.22210732741490824 4.1851717179202845 0.19556955421303157 2.5784184628985916 3.7743074075231817 0.41102944151934595 0.727886802684842 3.260500162906241 2.4440501666919596 2.926022114377682 1.2881162654277603 0.5543730544096717 0.8288337642440264 0.0849144424376801 3.3122205859275167 1.5069678627222007 2.888201520273295 3.0650349006558057 0.5813882215449808 0.25773484450506423 1.4140280069935507 0.9351755333167703 0.12527835599942527 1.1588341951554537 3.55352415691364 0.04948871171636782 0.25592055875622405 0.9645715633268497 0.7273755822433469 0.32411277464134985 1.935573604480679 2.7055535866611224 0.10081843821109154 2.6186983266540778 0.17631211307611938 0.44611092803166497 1.6483120665621565 1.9758885890994773 0.7419605607621164 0.061605298223673444 2.6735940786413597 2.0090794004130603 4.980842419973874 0.35644856812337 1.1083919991400988 0.262941078585349 1.262594907435096 2.540268938422342 1.794285522700203 3.8618268711161052 0.5737014938798694 0.6292843548853034 1.4095072228121865 0.3896503842266478 1.8984408997029325 4.371602469158152 0.9284997035503664
