100 3

0.08238096994039115 0.421120271959009 0.4964987581005998

8 6 3 2 9 5 4 8 7 4 1 3 1 5 2 4 10 3 1 9 9 7 8 4 8 10 7 8 4 9 3 1 8 9 6 2 7 1 8 5 5 9 5 3 6 10 8 1 8 8 2 9 4 4 9 4 4 8 4 4 8 8 10 8 10 9 1 2 3 8 4 3 8 8 4 2 7 6 2 2 4 8 8 5 8 5 4 10 6 8 6 10 6 1 5 3 6 10 2 8
2 1 8 9 3 3 2 1 1 6 9 5 2 9 1 4 5 4 2 4 2 5 3 1 4 9 4 6 8 10 5 1 8 6 2 4 7 7 6 5 3 1 8 2 2 7 5 4 3 4 3 7 1 7 2 9 7 2 1 10 3 1 1 6 9 5 3 2 6 4 10 4 8 2 10 3 7 8 9 8 5 8 3 9 8 6 9 2 10 8 7 2 9 5 2 7 8 3 4 2
8 2 1 6 6 10 3 5 9 6 4 1 8 5 5 10 9 8 9 5 1 8 4 10 8 9 7 5 6 5 4 2 5 4 3 2 3 3 5 4 3 2 10 3 2 6 6 2 10 7 10 1 1 8 8 5 3 1 4 1 1 4 1 6 1 2 3 2 3 5 3 4 6 7 8 3 9 3 9 7 3 9 1 4 5 8 6 9 1 3 5 4 6 3 10 5 9 2 3 9

10 5 5 7 7 3 9 1 10 3 1 6 5 2 6 1 5 6 4 7 4 8 2 1 2 6 3 1 1 1 6 8 10 4 3 9 7 6 1 10 8 6 5 2 6 9 10 5 4 10 3 1 8 10 6 1 1 2 1 1 8 9 7 5 4 1 3 7 1 4 7 4 9 9 6 1 2 2 8 9 10 9 1 4 7 3 9 8 3 7 8 2 6 8 2 1 1 9 3 5
2.74830572963538 0.07781781779049812 2.1400563372346944 2.5977071505402165 2.0254807923983695 0.4239096497646233 1.9224655551016712 0.38580446337983265 0.24016936854989623 0.8933681219334981 0.25543422804157434 2.7729211291112765 0.7762993856413458 0.3683652105432723 2.4803311434437325 0.2701286482895739 1.2215100463634627 1.241703908458597 0.15841181474603938 1.6646412411065827 0.970344600918464 0.7174049724414453 0.9164951803014413 0.31465056256592033 0.026153155048441845 1.3473648658657922 0.22505847739234797 0.3553023491675367 0.4614164789000597 0.3006866608940593 0.1384480522918876 0.9762894573091021 4.378492233344341 0.07196456668552464 0.7930889287524749 3.9223916624999022 1.0732889088075857 0.6630023854626726 0.34315828971157714 4.282642034504422 3.6109976686607905 2.7450694915399465 0.1601695846493595 0.3194194720612593 2.34628120639247 2.315073670291055 4.196147543784291 0.3619368974109549 0.9028371172855914 0.7379164523296811 0.19243438119314676 0.341728598246252 0.05917746543923119 0.4564194535025462 1.0634454166343166 0.17384397469209306 0.20714618761349562 0.3218792522166706 0.40816050550764243 0.472637329593392 3.3436902186387694 2.3753451873123095 1.1934505371409156 0.33073685469261455 1.595937589231405 0.35515841216930844 0.27117442158546917 2.3691185237748837 0.42694010214231454 1.1520446562640951 0.4080623293900861 0.6431275878862817 1.296753054377504 1.2968615783904391 0.20725650681919328 0.45366000077858626 0.6612907680664933 0.7819314135650373 1.547023827455023 0.3611989441028285 2.8415920624857893 3.4827043135114137 0.18952207937261784 0.6794221574337673 1.806587533015004 1.2003330350625416 2.6717364512469968 1.6262494664899685 0.593306538853039 0.3537094756580669 3.1976810505174593 0.8917937656329243 1.8785166599928274 3.7550522772261568 0.6275112521798968 0.013483303506643673 0.3439460624986424 4.418872280025214 0.5276882980695727 1.9557036956551468
