100 3

0.08238096994039115 0.421120271959009 0.4964987581005998

8 6 3 2 9 5 4 8 7 4 1 3 1 5 2 4 10 3 1 9 9 7 8 4 8 10 7 8 4 9 3 1 8 9 6 2 7 1 8 5 5 9 5 3 6 10 8 1 8 8 2 9 4 4 9 4 4 8 4 4 8 8 10 8 10 9 1 2 3 8 4 3 8 8 4 2 7 6 2 2 4 8 8 5 8 5 4 10 6 8 6 10 6 1 5 3 6 10 2 8
2 1 8 9 3 3 2 1 1 6 9 5 2 9 1 4 5 4 2 4 2 5 3 1 4 9 4 6 8 10 5 1 8 6 2 4 7 7 6 5 3 1 8 2 2 7 5 4 3 4 3 7 1 7 2 9 7 2 1 10 3 1 1 6 9 5 3 2 6 4 10 4 8 2 10 3 7 8 9 8 5 8 3 9 8 6 9 2 10 8 7 2 9 5 2 7 8 3 4 2
8 2 1 6 6 10 3 5 9 6 4 1 8 5 5 10 9 8 9 5 1 8 4 10 8 9 7 5 6 5 4 2 5 4 3 2 3 3 5 4 3 2 10 3 2 6 6 2 10 7 10 1 1 8 8 5 3 1 4 1 1 4 1 6 1 2 3 2 3 5 3 4 6 7 8 3 9 3 9 7 3 9 1 4 5 8 6 9 1 3 5 4 6 3 10 5 9 2 3 9

10 5 5 7 7 3 9 1 10 3 1 6 5 2 6 1 5 6 4 7 4 8 2 1 2 6 3 1 1 1 6 8 10 4 3 9 7 6 1 10 8 6 5 2 6 9 10 5 4 10 3 1 8 10 6 1 1 2 1 1 8 9 7 5 4 1 3 7 1 4 7 4 9 9 6 1 2 2 8 9 10 9 1 4 7 3 9 8 3 7 8 2 6 8 2 1 1 9 3 5
2.0 1.0 1.0 1.4000000000000001 1.4000000000000001 0.6000000000000001 1.8 0.2 2.0 0.6000000000000001 0.2 1.2000000000000002 1.0 0.4 1.2000000000000002 0.2 1.0 1.2000000000000002 0.8 1.4000000000000001 0.8 1.6 0.4 0.2 0.4 1.2000000000000002 0.6000000000000001 0.2 0.2 0.2 1.2000000000000002 1.6 2.0 0.8 0.6000000000000001 1.8 1.4000000000000001 1.2000000000000002 0.2 2.0 1.6 1.2000000000000002 1.0 0.4 1.2000000000000002 1.8 2.0 1.0 0.8 2.0 0.6000000000000001 0.2 1.6 2.0 1.2000000000000002 0.2 0.2 0.4 0.2 0.2 1.6 1.8 1.4000000000000001 1.0 0.8 0.2 0.6000000000000001 1.4000000000000001 0.2 0.8 1.4000000000000001 0.8 1.8 1.8 1.2000000000000002 0.2 0.4 0.4 1.6 1.8 2.0 1.8 0.2 0.8 1.4000000000000001 0.6000000000000001 1.8 1.6 0.6000000000000001 1.4000000000000001 1.6 0.4 1.2000000000000002 1.6 0.4 0.2 0.2 1.8 0.6000000000000001 1.0
